20
20
1 0 0 2
1 0 1 2
1 0 2 2
1 0 3 2
1 0 4 2
1 0 5 2
1 0 6 2
1 0 7 2
1 0 8 2
1 0 9 2
1 0 10 2
1 0 11 2
1 0 12 2
1 0 13 2
1 0 14 2
1 0 15 2
1 0 16 2
1 0 17 2
1 0 18 2
1 0 19 2
1 1 0 2
1 1 19 2
1 2 0 2
5 2 2 2
5 2 17 2
1 2 19 2
1 3 0 2
1 3 5 2
1 3 14 2
1 3 19 2
1 4 0 2
1 4 5 2
1 4 14 2
1 4 19 2
1 5 0 2
1 5 1 2
1 5 2 2
1 5 3 2
1 5 4 2
1 5 5 2
1 5 14 2
1 5 15 2
1 5 16 2
1 5 17 2
1 5 18 2
1 5 19 2
1 6 0 2
1 6 19 2
1 7 0 2
1 7 19 2
1 8 0 2
1 8 19 2
1 9 0 2
3 9 8 8
1 9 9 2
1 9 10 2
1 9 19 2
1 10 0 2
1 10 9 2
1 10 10 2
1 10 19 2
1 11 0 2
3 11 9 6
3 11 10 6
1 11 19 2
1 12 0 2
1 12 19 2
1 13 0 2
1 13 19 2
1 14 0 2
1 14 1 2
1 14 2 2
1 14 3 2
1 14 4 2
1 14 5 2
1 14 14 2
1 14 15 2
1 14 16 2
1 14 17 2
1 14 18 2
1 14 19 2
1 15 0 2
1 15 5 2
1 15 14 2
1 15 19 2
1 16 0 2
1 16 5 2
1 16 14 2
1 16 19 4
1 17 0 2
5 17 2 2
3 17 5 8
3 17 14 2
5 17 17 2
1 17 19 2
1 18 0 2
1 18 19 2
1 19 0 2
1 19 1 2
1 19 2 2
1 19 3 2
1 19 4 2
1 19 5 2
1 19 6 2
1 19 7 2
1 19 8 2
1 19 9 2
1 19 10 2
1 19 11 2
1 19 12 2
1 19 13 2
1 19 14 2
1 19 15 2
1 19 16 2
1 19 17 2
1 19 18 2
1 19 19 2
